f : fréquence (Hz)
e : amplitude de la tension aux bornes du GBF (V)
u : amplitude de la tension aux borne de la résistance (V)
f		e		u		
1.000e+03	5.103e+00	1.641e-02
1.005e+03	5.103e+00	2.896e-02
1.009e+03	5.103e+00	5.169e-02
1.014e+03	5.103e+00	3.289e-02
1.019e+03	5.103e+00	3.489e-02
1.023e+03	5.103e+00	6.616e-03
1.028e+03	5.103e+00	3.245e-02
1.033e+03	5.103e+00	3.431e-02
1.038e+03	5.103e+00	9.199e-03
1.042e+03	5.103e+00	2.596e-02
1.047e+03	5.103e+00	4.248e-02
1.052e+03	5.103e+00	4.330e-02
1.057e+03	5.103e+00	3.560e-02
1.062e+03	5.103e+00	3.962e-02
1.067e+03	5.103e+00	4.580e-02
1.072e+03	5.103e+00	3.669e-02
1.077e+03	5.103e+00	1.984e-02
1.082e+03	5.103e+00	4.337e-02
1.087e+03	5.102e+00	4.849e-02
1.092e+03	5.102e+00	4.210e-02
1.097e+03	5.102e+00	3.022e-02
1.102e+03	5.102e+00	3.498e-02
1.107e+03	5.102e+00	3.584e-02
1.112e+03	5.102e+00	3.047e-02
1.117e+03	5.102e+00	5.354e-02
1.122e+03	5.102e+00	2.999e-02
1.127e+03	5.102e+00	2.964e-02
1.133e+03	5.102e+00	3.754e-02
1.138e+03	5.102e+00	5.651e-02
1.143e+03	5.102e+00	4.166e-02
1.148e+03	5.102e+00	4.612e-02
1.154e+03	5.102e+00	5.213e-02
1.159e+03	5.102e+00	2.495e-02
1.164e+03	5.102e+00	3.625e-02
1.170e+03	5.102e+00	3.016e-02
1.175e+03	5.102e+00	2.720e-02
1.181e+03	5.102e+00	3.299e-02
1.186e+03	5.102e+00	3.440e-02
1.191e+03	5.102e+00	3.475e-02
1.197e+03	5.102e+00	6.830e-02
1.202e+03	5.102e+00	5.065e-02
1.208e+03	5.102e+00	3.120e-02
1.214e+03	5.102e+00	3.870e-02
1.219e+03	5.102e+00	4.886e-02
1.225e+03	5.101e+00	4.932e-02
1.231e+03	5.101e+00	6.212e-02
1.236e+03	5.101e+00	4.718e-02
1.242e+03	5.101e+00	3.871e-02
1.248e+03	5.101e+00	3.860e-02
1.253e+03	5.101e+00	4.882e-02
1.259e+03	5.101e+00	5.511e-02
1.265e+03	5.101e+00	3.498e-02
1.271e+03	5.101e+00	3.964e-02
1.277e+03	5.101e+00	3.146e-02
1.283e+03	5.101e+00	6.118e-02
1.289e+03	5.101e+00	4.907e-02
1.295e+03	5.101e+00	3.689e-02
1.301e+03	5.101e+00	3.092e-02
1.307e+03	5.101e+00	4.743e-02
1.313e+03	5.101e+00	4.271e-02
1.319e+03	5.101e+00	4.581e-02
1.325e+03	5.101e+00	4.460e-02
1.331e+03	5.101e+00	4.641e-02
1.337e+03	5.101e+00	4.535e-02
1.343e+03	5.101e+00	3.833e-02
1.349e+03	5.101e+00	4.423e-02
1.356e+03	5.101e+00	4.813e-02
1.362e+03	5.101e+00	4.014e-02
1.368e+03	5.100e+00	6.211e-02
1.374e+03	5.100e+00	3.677e-02
1.381e+03	5.100e+00	6.306e-02
1.387e+03	5.100e+00	4.134e-02
1.394e+03	5.100e+00	5.386e-02
1.400e+03	5.100e+00	4.783e-02
1.407e+03	5.100e+00	3.991e-02
1.413e+03	5.100e+00	2.838e-02
1.420e+03	5.100e+00	4.108e-02
1.426e+03	5.100e+00	4.211e-02
1.433e+03	5.100e+00	5.923e-02
1.439e+03	5.100e+00	3.857e-02
1.446e+03	5.100e+00	5.432e-02
1.453e+03	5.100e+00	5.239e-02
1.459e+03	5.100e+00	3.288e-02
1.466e+03	5.100e+00	6.991e-02
1.473e+03	5.100e+00	5.086e-02
1.480e+03	5.100e+00	4.275e-02
1.487e+03	5.100e+00	5.651e-02
1.493e+03	5.100e+00	4.478e-02
1.500e+03	5.100e+00	4.531e-02
1.507e+03	5.100e+00	5.149e-02
1.514e+03	5.099e+00	5.744e-02
1.521e+03	5.099e+00	4.381e-02
1.528e+03	5.099e+00	5.564e-02
1.535e+03	5.099e+00	6.850e-02
1.542e+03	5.099e+00	4.249e-02
1.549e+03	5.099e+00	2.272e-02
1.557e+03	5.099e+00	4.944e-02
1.564e+03	5.099e+00	3.555e-02
1.571e+03	5.099e+00	6.768e-02
1.578e+03	5.099e+00	5.717e-02
1.586e+03	5.099e+00	6.937e-02
1.593e+03	5.099e+00	4.285e-02
1.600e+03	5.099e+00	5.180e-02
1.608e+03	5.099e+00	5.066e-02
1.615e+03	5.099e+00	5.072e-02
1.623e+03	5.099e+00	5.313e-02
1.630e+03	5.099e+00	5.243e-02
1.638e+03	5.099e+00	5.312e-02
1.645e+03	5.099e+00	4.995e-02
1.653e+03	5.098e+00	2.238e-02
1.660e+03	5.098e+00	6.025e-02
1.668e+03	5.098e+00	6.952e-02
1.676e+03	5.098e+00	5.552e-02
1.684e+03	5.098e+00	7.424e-02
1.691e+03	5.098e+00	5.424e-02
1.699e+03	5.098e+00	5.393e-02
1.707e+03	5.098e+00	4.702e-02
1.715e+03	5.098e+00	6.728e-02
1.723e+03	5.098e+00	6.502e-02
1.731e+03	5.098e+00	5.145e-02
1.739e+03	5.098e+00	5.240e-02
1.747e+03	5.098e+00	4.885e-02
1.755e+03	5.098e+00	6.586e-02
1.763e+03	5.098e+00	5.217e-02
1.771e+03	5.098e+00	6.640e-02
1.779e+03	5.098e+00	5.804e-02
1.788e+03	5.097e+00	5.939e-02
1.796e+03	5.097e+00	6.264e-02
1.804e+03	5.097e+00	6.008e-02
1.812e+03	5.097e+00	5.465e-02
1.821e+03	5.097e+00	6.925e-02
1.829e+03	5.097e+00	5.078e-02
1.838e+03	5.097e+00	7.551e-02
1.846e+03	5.097e+00	7.134e-02
1.855e+03	5.097e+00	7.284e-02
1.863e+03	5.097e+00	5.737e-02
1.872e+03	5.097e+00	5.265e-02
1.881e+03	5.097e+00	6.253e-02
1.889e+03	5.097e+00	4.963e-02
1.898e+03	5.097e+00	4.235e-02
1.907e+03	5.097e+00	5.206e-02
1.916e+03	5.097e+00	7.224e-02
1.924e+03	5.097e+00	6.846e-02
1.933e+03	5.096e+00	5.652e-02
1.942e+03	5.096e+00	5.325e-02
1.951e+03	5.096e+00	6.886e-02
1.960e+03	5.096e+00	6.226e-02
1.969e+03	5.096e+00	6.261e-02
1.978e+03	5.096e+00	7.369e-02
1.987e+03	5.096e+00	6.432e-02
1.997e+03	5.096e+00	7.553e-02
2.006e+03	5.096e+00	6.019e-02
2.015e+03	5.096e+00	6.793e-02
2.024e+03	5.096e+00	6.890e-02
2.034e+03	5.096e+00	6.882e-02
2.043e+03	5.096e+00	6.790e-02
2.053e+03	5.096e+00	8.374e-02
2.062e+03	5.096e+00	7.981e-02
2.072e+03	5.095e+00	9.530e-02
2.081e+03	5.095e+00	7.368e-02
2.091e+03	5.095e+00	6.725e-02
2.100e+03	5.095e+00	7.824e-02
2.110e+03	5.095e+00	6.765e-02
2.120e+03	5.095e+00	9.029e-02
2.130e+03	5.095e+00	8.040e-02
2.140e+03	5.095e+00	7.773e-02
2.149e+03	5.095e+00	7.472e-02
2.159e+03	5.095e+00	7.719e-02
2.169e+03	5.095e+00	6.383e-02
2.179e+03	5.095e+00	5.884e-02
2.189e+03	5.095e+00	7.450e-02
2.200e+03	5.095e+00	5.868e-02
2.210e+03	5.094e+00	8.006e-02
2.220e+03	5.094e+00	7.037e-02
2.230e+03	5.094e+00	6.365e-02
2.241e+03	5.094e+00	6.775e-02
2.251e+03	5.094e+00	8.698e-02
2.261e+03	5.094e+00	6.757e-02
2.272e+03	5.094e+00	6.970e-02
2.282e+03	5.094e+00	8.559e-02
2.293e+03	5.094e+00	6.400e-02
2.303e+03	5.094e+00	8.479e-02
2.314e+03	5.094e+00	9.621e-02
2.325e+03	5.094e+00	5.551e-02
2.335e+03	5.094e+00	7.036e-02
2.346e+03	5.093e+00	8.632e-02
2.357e+03	5.093e+00	8.094e-02
2.368e+03	5.093e+00	8.908e-02
2.379e+03	5.093e+00	5.160e-02
2.390e+03	5.093e+00	7.872e-02
2.401e+03	5.093e+00	6.932e-02
2.412e+03	5.093e+00	8.423e-02
2.423e+03	5.093e+00	6.287e-02
2.434e+03	5.093e+00	9.213e-02
2.446e+03	5.093e+00	7.975e-02
2.457e+03	5.093e+00	8.573e-02
2.468e+03	5.093e+00	9.824e-02
2.480e+03	5.092e+00	8.635e-02
2.491e+03	5.092e+00	9.445e-02
2.503e+03	5.092e+00	8.787e-02
2.514e+03	5.092e+00	8.049e-02
2.526e+03	5.092e+00	6.508e-02
2.537e+03	5.092e+00	9.965e-02
2.549e+03	5.092e+00	8.439e-02
2.561e+03	5.092e+00	7.864e-02
2.573e+03	5.092e+00	7.121e-02
2.585e+03	5.092e+00	7.252e-02
2.597e+03	5.092e+00	8.950e-02
2.609e+03	5.091e+00	7.935e-02
2.621e+03	5.091e+00	1.020e-01
2.633e+03	5.091e+00	9.683e-02
2.645e+03	5.091e+00	8.911e-02
2.657e+03	5.091e+00	9.224e-02
2.669e+03	5.091e+00	7.271e-02
2.682e+03	5.091e+00	9.273e-02
2.694e+03	5.091e+00	7.469e-02
2.707e+03	5.091e+00	7.850e-02
2.719e+03	5.091e+00	1.007e-01
2.732e+03	5.091e+00	9.230e-02
2.744e+03	5.090e+00	1.046e-01
2.757e+03	5.090e+00	1.116e-01
2.770e+03	5.090e+00	9.817e-02
2.783e+03	5.090e+00	8.839e-02
2.795e+03	5.090e+00	8.797e-02
2.808e+03	5.090e+00	8.603e-02
2.821e+03	5.090e+00	8.200e-02
2.834e+03	5.090e+00	7.974e-02
2.847e+03	5.090e+00	1.101e-01
2.861e+03	5.090e+00	1.035e-01
2.874e+03	5.089e+00	9.674e-02
2.887e+03	5.089e+00	9.349e-02
2.900e+03	5.089e+00	1.144e-01
2.914e+03	5.089e+00	1.039e-01
2.927e+03	5.089e+00	8.809e-02
2.941e+03	5.089e+00	1.105e-01
2.954e+03	5.089e+00	9.298e-02
2.968e+03	5.089e+00	1.031e-01
2.982e+03	5.089e+00	1.040e-01
2.996e+03	5.088e+00	1.020e-01
3.009e+03	5.088e+00	9.834e-02
3.023e+03	5.088e+00	1.017e-01
3.037e+03	5.088e+00	1.003e-01
3.051e+03	5.088e+00	1.103e-01
3.065e+03	5.088e+00	8.734e-02
3.080e+03	5.088e+00	1.122e-01
3.094e+03	5.088e+00	1.055e-01
3.108e+03	5.088e+00	1.033e-01
3.122e+03	5.088e+00	1.001e-01
3.137e+03	5.087e+00	9.512e-02
3.151e+03	5.087e+00	1.039e-01
3.166e+03	5.087e+00	1.126e-01
3.181e+03	5.087e+00	1.393e-01
3.195e+03	5.087e+00	1.046e-01
3.210e+03	5.087e+00	1.112e-01
3.225e+03	5.087e+00	1.238e-01
3.240e+03	5.087e+00	1.325e-01
3.255e+03	5.086e+00	1.194e-01
3.270e+03	5.086e+00	1.199e-01
3.285e+03	5.086e+00	1.095e-01
3.300e+03	5.086e+00	1.201e-01
3.315e+03	5.086e+00	9.564e-02
3.331e+03	5.086e+00	1.330e-01
3.346e+03	5.086e+00	1.121e-01
3.361e+03	5.086e+00	1.242e-01
3.377e+03	5.085e+00	1.043e-01
3.393e+03	5.085e+00	1.162e-01
3.408e+03	5.085e+00	1.239e-01
3.424e+03	5.085e+00	1.206e-01
3.440e+03	5.085e+00	1.199e-01
3.456e+03	5.085e+00	1.308e-01
3.472e+03	5.085e+00	1.027e-01
3.488e+03	5.085e+00	1.122e-01
3.504e+03	5.084e+00	1.270e-01
3.520e+03	5.084e+00	1.317e-01
3.536e+03	5.084e+00	1.436e-01
3.553e+03	5.084e+00	1.287e-01
3.569e+03	5.084e+00	1.242e-01
3.586e+03	5.084e+00	1.131e-01
3.602e+03	5.084e+00	1.205e-01
3.619e+03	5.084e+00	1.336e-01
3.635e+03	5.083e+00	1.300e-01
3.652e+03	5.083e+00	1.048e-01
3.669e+03	5.083e+00	1.162e-01
3.686e+03	5.083e+00	1.403e-01
3.703e+03	5.083e+00	1.292e-01
3.720e+03	5.083e+00	1.261e-01
3.737e+03	5.083e+00	1.315e-01
3.755e+03	5.082e+00	1.242e-01
3.772e+03	5.082e+00	1.297e-01
3.789e+03	5.082e+00	1.523e-01
3.807e+03	5.082e+00	1.372e-01
3.825e+03	5.082e+00	1.316e-01
3.842e+03	5.082e+00	1.279e-01
3.860e+03	5.082e+00	1.462e-01
3.878e+03	5.081e+00	1.411e-01
3.896e+03	5.081e+00	1.377e-01
3.914e+03	5.081e+00	1.157e-01
3.932e+03	5.081e+00	1.397e-01
3.950e+03	5.081e+00	1.207e-01
3.968e+03	5.081e+00	1.424e-01
3.987e+03	5.080e+00	1.563e-01
4.005e+03	5.080e+00	1.306e-01
4.024e+03	5.080e+00	1.227e-01
4.042e+03	5.080e+00	1.570e-01
4.061e+03	5.080e+00	1.438e-01
4.080e+03	5.080e+00	1.351e-01
4.098e+03	5.079e+00	1.508e-01
4.117e+03	5.079e+00	1.522e-01
4.136e+03	5.079e+00	1.578e-01
4.155e+03	5.079e+00	1.461e-01
4.175e+03	5.079e+00	1.562e-01
4.194e+03	5.079e+00	1.429e-01
4.213e+03	5.078e+00	1.470e-01
4.233e+03	5.078e+00	1.404e-01
4.252e+03	5.078e+00	1.482e-01
4.272e+03	5.078e+00	1.697e-01
4.292e+03	5.078e+00	1.421e-01
4.312e+03	5.078e+00	1.570e-01
4.331e+03	5.077e+00	1.637e-01
4.351e+03	5.077e+00	1.551e-01
4.372e+03	5.077e+00	1.687e-01
4.392e+03	5.077e+00	1.586e-01
4.412e+03	5.077e+00	1.420e-01
4.432e+03	5.077e+00	1.629e-01
4.453e+03	5.076e+00	1.569e-01
4.474e+03	5.076e+00	1.667e-01
4.494e+03	5.076e+00	1.707e-01
4.515e+03	5.076e+00	1.610e-01
4.536e+03	5.076e+00	1.628e-01
4.557e+03	5.075e+00	1.782e-01
4.578e+03	5.075e+00	1.566e-01
4.599e+03	5.075e+00	1.591e-01
4.620e+03	5.075e+00	1.832e-01
4.642e+03	5.075e+00	1.733e-01
4.663e+03	5.074e+00	1.661e-01
4.685e+03	5.074e+00	1.598e-01
4.706e+03	5.074e+00	1.712e-01
4.728e+03	5.074e+00	1.611e-01
4.750e+03	5.074e+00	1.781e-01
4.772e+03	5.073e+00	1.519e-01
4.794e+03	5.073e+00	1.728e-01
4.816e+03	5.073e+00	1.522e-01
4.838e+03	5.073e+00	1.867e-01
4.861e+03	5.073e+00	1.774e-01
4.883e+03	5.072e+00	1.627e-01
4.906e+03	5.072e+00	1.662e-01
4.928e+03	5.072e+00	1.746e-01
4.951e+03	5.072e+00	1.897e-01
4.974e+03	5.072e+00	1.717e-01
4.997e+03	5.071e+00	1.820e-01
5.020e+03	5.071e+00	1.833e-01
5.043e+03	5.071e+00	1.877e-01
5.066e+03	5.071e+00	2.003e-01
5.090e+03	5.070e+00	1.900e-01
5.113e+03	5.070e+00	1.965e-01
5.137e+03	5.070e+00	2.012e-01
5.161e+03	5.070e+00	1.922e-01
5.185e+03	5.069e+00	1.951e-01
5.209e+03	5.069e+00	2.059e-01
5.233e+03	5.069e+00	1.800e-01
5.257e+03	5.069e+00	1.834e-01
5.281e+03	5.068e+00	1.991e-01
5.305e+03	5.068e+00	1.972e-01
5.330e+03	5.068e+00	2.040e-01
5.355e+03	5.068e+00	2.055e-01
5.379e+03	5.067e+00	1.959e-01
5.404e+03	5.067e+00	1.915e-01
5.429e+03	5.067e+00	1.964e-01
5.454e+03	5.067e+00	1.984e-01
5.479e+03	5.066e+00	2.212e-01
5.505e+03	5.066e+00	2.088e-01
5.530e+03	5.066e+00	2.219e-01
5.556e+03	5.066e+00	1.907e-01
5.581e+03	5.065e+00	2.085e-01
5.607e+03	5.065e+00	2.034e-01
5.633e+03	5.065e+00	2.175e-01
5.659e+03	5.065e+00	2.059e-01
5.685e+03	5.064e+00	2.180e-01
5.712e+03	5.064e+00	2.150e-01
5.738e+03	5.064e+00	2.186e-01
5.764e+03	5.063e+00	2.105e-01
5.791e+03	5.063e+00	2.243e-01
5.818e+03	5.063e+00	2.277e-01
5.845e+03	5.063e+00	2.264e-01
5.872e+03	5.062e+00	2.460e-01
5.899e+03	5.062e+00	2.347e-01
5.926e+03	5.062e+00	2.387e-01
5.954e+03	5.061e+00	2.101e-01
5.981e+03	5.061e+00	2.347e-01
6.009e+03	5.061e+00	2.279e-01
6.036e+03	5.060e+00	2.348e-01
6.064e+03	5.060e+00	2.533e-01
6.092e+03	5.060e+00	2.347e-01
6.120e+03	5.059e+00	2.452e-01
6.149e+03	5.059e+00	2.335e-01
6.177e+03	5.059e+00	2.319e-01
6.206e+03	5.058e+00	2.496e-01
6.234e+03	5.058e+00	2.431e-01
6.263e+03	5.058e+00	2.472e-01
6.292e+03	5.057e+00	2.468e-01
6.321e+03	5.057e+00	2.593e-01
6.350e+03	5.057e+00	2.526e-01
6.380e+03	5.056e+00	2.513e-01
6.409e+03	5.056e+00	2.496e-01
6.439e+03	5.056e+00	2.523e-01
6.469e+03	5.055e+00	2.522e-01
6.498e+03	5.055e+00	2.572e-01
6.529e+03	5.055e+00	2.839e-01
6.559e+03	5.054e+00	2.611e-01
6.589e+03	5.054e+00	2.521e-01
6.619e+03	5.053e+00	2.707e-01
6.650e+03	5.053e+00	2.762e-01
6.681e+03	5.053e+00	2.604e-01
6.712e+03	5.052e+00	2.638e-01
6.743e+03	5.052e+00	2.725e-01
6.774e+03	5.051e+00	2.702e-01
6.805e+03	5.051e+00	2.821e-01
6.837e+03	5.051e+00	2.711e-01
6.868e+03	5.050e+00	2.616e-01
6.900e+03	5.050e+00	2.928e-01
6.932e+03	5.049e+00	2.852e-01
6.964e+03	5.049e+00	2.834e-01
6.996e+03	5.048e+00	2.963e-01
7.028e+03	5.048e+00	2.819e-01
7.061e+03	5.048e+00	2.798e-01
7.093e+03	5.047e+00	2.880e-01
7.126e+03	5.047e+00	3.034e-01
7.159e+03	5.046e+00	2.860e-01
7.192e+03	5.046e+00	3.060e-01
7.225e+03	5.045e+00	2.758e-01
7.259e+03	5.045e+00	3.307e-01
7.292e+03	5.044e+00	2.991e-01
7.326e+03	5.044e+00	3.202e-01
7.360e+03	5.043e+00	3.122e-01
7.394e+03	5.043e+00	3.240e-01
7.428e+03	5.042e+00	3.267e-01
7.462e+03	5.042e+00	3.263e-01
7.497e+03	5.041e+00	3.207e-01
7.531e+03	5.041e+00	3.187e-01
7.566e+03	5.040e+00	3.373e-01
7.601e+03	5.040e+00	3.508e-01
7.636e+03	5.039e+00	3.426e-01
7.672e+03	5.039e+00	3.443e-01
7.707e+03	5.038e+00	3.352e-01
7.743e+03	5.037e+00	3.501e-01
7.778e+03	5.037e+00	3.393e-01
7.814e+03	5.036e+00	3.456e-01
7.850e+03	5.036e+00	3.660e-01
7.887e+03	5.035e+00	3.428e-01
7.923e+03	5.034e+00	3.557e-01
7.960e+03	5.034e+00	3.518e-01
7.997e+03	5.033e+00	3.451e-01
8.034e+03	5.033e+00	3.654e-01
8.071e+03	5.032e+00	3.641e-01
8.108e+03	5.031e+00	3.567e-01
8.145e+03	5.031e+00	3.669e-01
8.183e+03	5.030e+00	3.680e-01
8.221e+03	5.029e+00	3.793e-01
8.259e+03	5.029e+00	3.751e-01
8.297e+03	5.028e+00	3.769e-01
8.335e+03	5.027e+00	3.935e-01
8.374e+03	5.026e+00	3.946e-01
8.412e+03	5.026e+00	4.124e-01
8.451e+03	5.025e+00	3.893e-01
8.490e+03	5.024e+00	4.213e-01
8.530e+03	5.023e+00	3.982e-01
8.569e+03	5.023e+00	4.082e-01
8.609e+03	5.022e+00	4.160e-01
8.648e+03	5.021e+00	4.068e-01
8.688e+03	5.020e+00	4.146e-01
8.729e+03	5.019e+00	4.251e-01
8.769e+03	5.019e+00	4.453e-01
8.809e+03	5.018e+00	4.173e-01
8.850e+03	5.017e+00	4.470e-01
8.891e+03	5.016e+00	4.299e-01
8.932e+03	5.015e+00	4.494e-01
8.973e+03	5.014e+00	4.328e-01
9.015e+03	5.013e+00	4.492e-01
9.056e+03	5.012e+00	4.494e-01
9.098e+03	5.011e+00	4.582e-01
9.140e+03	5.010e+00	4.625e-01
9.183e+03	5.009e+00	4.763e-01
9.225e+03	5.008e+00	4.809e-01
9.268e+03	5.007e+00	4.814e-01
9.310e+03	5.006e+00	4.685e-01
9.353e+03	5.005e+00	4.848e-01
9.397e+03	5.004e+00	4.788e-01
9.440e+03	5.003e+00	5.205e-01
9.484e+03	5.002e+00	4.890e-01
9.528e+03	5.001e+00	4.928e-01
9.572e+03	5.000e+00	5.017e-01
9.616e+03	4.998e+00	5.137e-01
9.660e+03	4.997e+00	5.295e-01
9.705e+03	4.996e+00	5.287e-01
9.750e+03	4.995e+00	5.388e-01
9.795e+03	4.993e+00	5.565e-01
9.840e+03	4.992e+00	5.427e-01
9.885e+03	4.991e+00	5.518e-01
9.931e+03	4.989e+00	5.623e-01
9.977e+03	4.988e+00	5.791e-01
1.002e+04	4.986e+00	5.711e-01
1.007e+04	4.985e+00	5.897e-01
1.012e+04	4.983e+00	5.914e-01
1.016e+04	4.982e+00	6.086e-01
1.021e+04	4.980e+00	5.939e-01
1.026e+04	4.979e+00	6.086e-01
1.030e+04	4.977e+00	6.089e-01
1.035e+04	4.975e+00	6.132e-01
1.040e+04	4.974e+00	6.269e-01
1.045e+04	4.972e+00	6.483e-01
1.050e+04	4.970e+00	6.604e-01
1.054e+04	4.968e+00	6.625e-01
1.059e+04	4.966e+00	6.718e-01
1.064e+04	4.964e+00	6.688e-01
1.069e+04	4.962e+00	6.806e-01
1.074e+04	4.960e+00	7.014e-01
1.079e+04	4.958e+00	7.066e-01
1.084e+04	4.956e+00	7.352e-01
1.089e+04	4.954e+00	7.291e-01
1.094e+04	4.952e+00	7.245e-01
1.099e+04	4.949e+00	7.520e-01
1.104e+04	4.947e+00	7.623e-01
1.109e+04	4.944e+00	7.546e-01
1.114e+04	4.942e+00	7.723e-01
1.120e+04	4.939e+00	7.986e-01
1.125e+04	4.937e+00	8.012e-01
1.130e+04	4.934e+00	8.056e-01
1.135e+04	4.931e+00	8.262e-01
1.140e+04	4.928e+00	8.336e-01
1.146e+04	4.925e+00	8.463e-01
1.151e+04	4.922e+00	8.735e-01
1.156e+04	4.919e+00	8.755e-01
1.162e+04	4.915e+00	9.037e-01
1.167e+04	4.912e+00	8.936e-01
1.172e+04	4.908e+00	9.287e-01
1.178e+04	4.905e+00	9.447e-01
1.183e+04	4.901e+00	9.582e-01
1.189e+04	4.897e+00	9.716e-01
1.194e+04	4.893e+00	9.819e-01
1.200e+04	4.889e+00	9.991e-01
1.205e+04	4.884e+00	1.042e+00
1.211e+04	4.880e+00	1.054e+00
1.216e+04	4.875e+00	1.081e+00
1.222e+04	4.870e+00	1.092e+00
1.228e+04	4.865e+00	1.110e+00
1.233e+04	4.860e+00	1.135e+00
1.239e+04	4.854e+00	1.152e+00
1.245e+04	4.848e+00	1.201e+00
1.251e+04	4.842e+00	1.210e+00
1.256e+04	4.836e+00	1.242e+00
1.262e+04	4.830e+00	1.259e+00
1.268e+04	4.823e+00	1.281e+00
1.274e+04	4.816e+00	1.320e+00
1.280e+04	4.808e+00	1.362e+00
1.286e+04	4.801e+00	1.377e+00
1.292e+04	4.793e+00	1.407e+00
1.298e+04	4.784e+00	1.451e+00
1.304e+04	4.775e+00	1.507e+00
1.310e+04	4.766e+00	1.522e+00
1.316e+04	4.756e+00	1.546e+00
1.322e+04	4.746e+00	1.601e+00
1.328e+04	4.735e+00	1.662e+00
1.334e+04	4.724e+00	1.701e+00
1.340e+04	4.712e+00	1.752e+00
1.346e+04	4.699e+00	1.801e+00
1.352e+04	4.686e+00	1.862e+00
1.359e+04	4.672e+00	1.898e+00
1.365e+04	4.657e+00	1.973e+00
1.371e+04	4.642e+00	2.032e+00
1.378e+04	4.626e+00	2.089e+00
1.384e+04	4.609e+00	2.149e+00
1.390e+04	4.592e+00	2.234e+00
1.397e+04	4.574e+00	2.270e+00
1.403e+04	4.555e+00	2.370e+00
1.410e+04	4.535e+00	2.422e+00
1.416e+04	4.515e+00	2.512e+00
1.423e+04	4.494e+00	2.560e+00
1.429e+04	4.474e+00	2.662e+00
1.436e+04	4.453e+00	2.725e+00
1.443e+04	4.433e+00	2.798e+00
1.449e+04	4.413e+00	2.870e+00
1.456e+04	4.394e+00	2.926e+00
1.463e+04	4.377e+00	2.998e+00
1.469e+04	4.363e+00	3.045e+00
1.476e+04	4.350e+00	3.078e+00
1.483e+04	4.341e+00	3.120e+00
1.490e+04	4.335e+00	3.138e+00
1.497e+04	4.333e+00	3.143e+00
1.504e+04	4.335e+00	3.139e+00
1.511e+04	4.340e+00	3.101e+00
1.518e+04	4.349e+00	3.101e+00
1.525e+04	4.360e+00	3.040e+00
1.532e+04	4.375e+00	2.994e+00
1.539e+04	4.391e+00	2.921e+00
1.546e+04	4.410e+00	2.873e+00
1.553e+04	4.429e+00	2.810e+00
1.560e+04	4.449e+00	2.745e+00
1.567e+04	4.470e+00	2.663e+00
1.575e+04	4.491e+00	2.596e+00
1.582e+04	4.511e+00	2.526e+00
1.589e+04	4.532e+00	2.442e+00
1.597e+04	4.551e+00	2.369e+00
1.604e+04	4.570e+00	2.298e+00
1.611e+04	4.589e+00	2.225e+00
1.619e+04	4.606e+00	2.148e+00
1.626e+04	4.623e+00	2.086e+00
1.634e+04	4.640e+00	2.047e+00
1.641e+04	4.655e+00	1.973e+00
1.649e+04	4.670e+00	1.914e+00
1.657e+04	4.684e+00	1.865e+00
1.664e+04	4.697e+00	1.807e+00
1.672e+04	4.710e+00	1.751e+00
1.680e+04	4.722e+00	1.709e+00
1.687e+04	4.733e+00	1.669e+00
1.695e+04	4.744e+00	1.620e+00
1.703e+04	4.754e+00	1.567e+00
1.711e+04	4.764e+00	1.529e+00
1.719e+04	4.774e+00	1.491e+00
1.727e+04	4.783e+00	1.471e+00
1.735e+04	4.791e+00	1.419e+00
1.743e+04	4.799e+00	1.382e+00
1.751e+04	4.807e+00	1.355e+00
1.759e+04	4.815e+00	1.339e+00
1.767e+04	4.822e+00	1.278e+00
1.775e+04	4.829e+00	1.261e+00
1.783e+04	4.835e+00	1.241e+00
1.792e+04	4.841e+00	1.221e+00
1.800e+04	4.847e+00	1.190e+00
1.808e+04	4.853e+00	1.164e+00
1.817e+04	4.859e+00	1.124e+00
1.825e+04	4.864e+00	1.106e+00
1.833e+04	4.869e+00	1.102e+00
1.842e+04	4.874e+00	1.065e+00
1.850e+04	4.879e+00	1.056e+00
1.859e+04	4.883e+00	1.029e+00
1.868e+04	4.888e+00	1.016e+00
1.876e+04	4.892e+00	9.904e-01
1.885e+04	4.896e+00	9.645e-01
1.894e+04	4.900e+00	9.626e-01
1.902e+04	4.904e+00	9.246e-01
1.911e+04	4.908e+00	9.356e-01
1.920e+04	4.911e+00	9.210e-01
1.929e+04	4.915e+00	8.654e-01
1.938e+04	4.918e+00	8.597e-01
1.947e+04	4.921e+00	8.828e-01
1.956e+04	4.924e+00	8.407e-01
1.965e+04	4.928e+00	8.277e-01
1.974e+04	4.930e+00	8.327e-01
1.983e+04	4.933e+00	8.078e-01
1.992e+04	4.936e+00	7.797e-01
2.001e+04	4.939e+00	7.804e-01
2.010e+04	4.941e+00	7.848e-01
2.020e+04	4.944e+00	7.525e-01
2.029e+04	4.946e+00	7.541e-01
2.038e+04	4.949e+00	7.440e-01
2.048e+04	4.951e+00	7.490e-01
2.057e+04	4.953e+00	7.298e-01
2.067e+04	4.956e+00	6.999e-01
2.076e+04	4.958e+00	7.062e-01
2.086e+04	4.960e+00	6.993e-01
2.096e+04	4.962e+00	6.732e-01
2.105e+04	4.964e+00	6.628e-01
2.115e+04	4.966e+00	6.714e-01
2.125e+04	4.968e+00	6.435e-01
2.135e+04	4.970e+00	6.329e-01
2.145e+04	4.972e+00	6.367e-01
2.154e+04	4.973e+00	6.220e-01
2.164e+04	4.975e+00	6.353e-01
2.174e+04	4.977e+00	6.071e-01
2.184e+04	4.978e+00	5.946e-01
2.195e+04	4.980e+00	5.947e-01
2.205e+04	4.982e+00	5.909e-01
2.215e+04	4.983e+00	5.954e-01
2.225e+04	4.985e+00	5.754e-01
2.235e+04	4.986e+00	5.692e-01
2.246e+04	4.988e+00	5.702e-01
2.256e+04	4.989e+00	5.525e-01
2.266e+04	4.990e+00	5.745e-01
2.277e+04	4.992e+00	5.482e-01
2.287e+04	4.993e+00	5.351e-01
2.298e+04	4.994e+00	5.322e-01
2.309e+04	4.996e+00	5.378e-01
2.319e+04	4.997e+00	5.325e-01
2.330e+04	4.998e+00	5.111e-01
2.341e+04	4.999e+00	4.865e-01
2.352e+04	5.001e+00	5.138e-01
2.363e+04	5.002e+00	5.065e-01
2.373e+04	5.003e+00	4.934e-01
2.384e+04	5.004e+00	4.941e-01
2.395e+04	5.005e+00	4.832e-01
2.406e+04	5.006e+00	5.013e-01
2.418e+04	5.007e+00	4.638e-01
2.429e+04	5.008e+00	4.766e-01
2.440e+04	5.009e+00	4.774e-01
2.451e+04	5.010e+00	4.658e-01
2.463e+04	5.011e+00	4.416e-01
2.474e+04	5.012e+00	4.691e-01
2.485e+04	5.013e+00	4.585e-01
2.497e+04	5.014e+00	4.339e-01
2.508e+04	5.015e+00	4.338e-01
2.520e+04	5.016e+00	4.524e-01
2.532e+04	5.017e+00	4.405e-01
2.543e+04	5.018e+00	4.392e-01
2.555e+04	5.018e+00	4.378e-01
2.567e+04	5.019e+00	4.292e-01
2.579e+04	5.020e+00	4.246e-01
2.591e+04	5.021e+00	4.183e-01
2.603e+04	5.022e+00	4.433e-01
2.615e+04	5.023e+00	4.087e-01
2.627e+04	5.023e+00	4.105e-01
2.639e+04	5.024e+00	3.929e-01
2.651e+04	5.025e+00	3.869e-01
2.663e+04	5.026e+00	4.100e-01
2.676e+04	5.026e+00	3.789e-01
2.688e+04	5.027e+00	3.897e-01
2.700e+04	5.028e+00	3.879e-01
2.713e+04	5.029e+00	3.880e-01
2.725e+04	5.029e+00	3.670e-01
2.738e+04	5.030e+00	3.748e-01
2.751e+04	5.031e+00	3.885e-01
2.763e+04	5.031e+00	3.689e-01
2.776e+04	5.032e+00	3.804e-01
2.789e+04	5.033e+00	3.652e-01
2.802e+04	5.033e+00	3.532e-01
2.815e+04	5.034e+00	3.541e-01
2.828e+04	5.034e+00	3.493e-01
2.841e+04	5.035e+00	3.583e-01
2.854e+04	5.036e+00	3.501e-01
2.867e+04	5.036e+00	3.360e-01
2.880e+04	5.037e+00	3.477e-01
2.894e+04	5.037e+00	3.419e-01
2.907e+04	5.038e+00	3.469e-01
2.921e+04	5.038e+00	3.415e-01
2.934e+04	5.039e+00	3.398e-01
2.948e+04	5.040e+00	3.260e-01
2.961e+04	5.040e+00	3.501e-01
2.975e+04	5.041e+00	3.179e-01
2.989e+04	5.041e+00	3.365e-01
3.002e+04	5.042e+00	3.301e-01
3.016e+04	5.042e+00	3.331e-01
3.030e+04	5.043e+00	3.060e-01
3.044e+04	5.043e+00	3.128e-01
3.058e+04	5.044e+00	3.212e-01
3.072e+04	5.044e+00	3.309e-01
3.087e+04	5.045e+00	3.194e-01
3.101e+04	5.045e+00	2.949e-01
3.115e+04	5.046e+00	2.970e-01
3.130e+04	5.046e+00	3.080e-01
3.144e+04	5.047e+00	2.903e-01
3.159e+04	5.047e+00	2.928e-01
3.173e+04	5.048e+00	2.987e-01
3.188e+04	5.048e+00	2.973e-01
3.203e+04	5.048e+00	2.869e-01
3.217e+04	5.049e+00	2.999e-01
3.232e+04	5.049e+00	2.786e-01
3.247e+04	5.050e+00	2.729e-01
3.262e+04	5.050e+00	2.746e-01
3.277e+04	5.051e+00	2.659e-01
3.292e+04	5.051e+00	2.799e-01
3.308e+04	5.051e+00	2.940e-01
3.323e+04	5.052e+00	2.886e-01
3.338e+04	5.052e+00	2.714e-01
3.354e+04	5.053e+00	2.766e-01
3.369e+04	5.053e+00	2.602e-01
3.385e+04	5.053e+00	2.692e-01
3.400e+04	5.054e+00	2.653e-01
3.416e+04	5.054e+00	2.695e-01
3.432e+04	5.055e+00	2.640e-01
3.448e+04	5.055e+00	2.585e-01
3.464e+04	5.055e+00	2.625e-01
3.480e+04	5.056e+00	2.370e-01
3.496e+04	5.056e+00	2.549e-01
3.512e+04	5.056e+00	2.590e-01
3.528e+04	5.057e+00	2.488e-01
3.544e+04	5.057e+00	2.524e-01
3.561e+04	5.057e+00	2.468e-01
3.577e+04	5.058e+00	2.466e-01
3.594e+04	5.058e+00	2.547e-01
3.610e+04	5.058e+00	2.524e-01
3.627e+04	5.059e+00	2.430e-01
3.644e+04	5.059e+00	2.433e-01
3.661e+04	5.059e+00	2.437e-01
3.678e+04	5.060e+00	2.333e-01
3.695e+04	5.060e+00	2.411e-01
3.712e+04	5.060e+00	2.351e-01
3.729e+04	5.061e+00	2.262e-01
3.746e+04	5.061e+00	2.331e-01
3.763e+04	5.061e+00	2.311e-01
3.781e+04	5.062e+00	2.292e-01
3.798e+04	5.062e+00	2.238e-01
3.816e+04	5.062e+00	2.214e-01
3.833e+04	5.063e+00	2.302e-01
3.851e+04	5.063e+00	2.143e-01
3.869e+04	5.063e+00	2.194e-01
3.887e+04	5.063e+00	2.217e-01
3.905e+04	5.064e+00	2.030e-01
3.923e+04	5.064e+00	2.215e-01
3.941e+04	5.064e+00	2.016e-01
3.959e+04	5.065e+00	2.151e-01
3.977e+04	5.065e+00	2.174e-01
3.996e+04	5.065e+00	2.059e-01
4.014e+04	5.065e+00	2.135e-01
4.033e+04	5.066e+00	2.149e-01
4.051e+04	5.066e+00	2.201e-01
4.070e+04	5.066e+00	2.109e-01
4.089e+04	5.066e+00	2.067e-01
4.108e+04	5.067e+00	2.098e-01
4.127e+04	5.067e+00	2.152e-01
4.146e+04	5.067e+00	2.105e-01
4.165e+04	5.067e+00	2.012e-01
4.184e+04	5.068e+00	2.084e-01
4.204e+04	5.068e+00	1.790e-01
4.223e+04	5.068e+00	2.237e-01
4.243e+04	5.068e+00	1.960e-01
4.262e+04	5.069e+00	2.004e-01
4.282e+04	5.069e+00	2.084e-01
4.302e+04	5.069e+00	2.011e-01
4.322e+04	5.069e+00	2.120e-01
4.341e+04	5.070e+00	1.879e-01
4.362e+04	5.070e+00	1.966e-01
4.382e+04	5.070e+00	1.952e-01
4.402e+04	5.070e+00	1.954e-01
4.422e+04	5.071e+00	1.857e-01
4.443e+04	5.071e+00	1.799e-01
4.463e+04	5.071e+00	1.826e-01
4.484e+04	5.071e+00	1.945e-01
4.505e+04	5.071e+00	1.843e-01
4.525e+04	5.072e+00	2.044e-01
4.546e+04	5.072e+00	1.712e-01
4.567e+04	5.072e+00	2.008e-01
4.588e+04	5.072e+00	1.771e-01
4.610e+04	5.073e+00	1.676e-01
4.631e+04	5.073e+00	1.688e-01
4.652e+04	5.073e+00	1.696e-01
4.674e+04	5.073e+00	1.831e-01
4.695e+04	5.073e+00	1.638e-01
4.717e+04	5.074e+00	1.692e-01
4.739e+04	5.074e+00	1.741e-01
4.761e+04	5.074e+00	1.424e-01
4.783e+04	5.074e+00	1.729e-01
4.805e+04	5.074e+00	1.707e-01
4.827e+04	5.075e+00	1.870e-01
4.849e+04	5.075e+00	1.880e-01
4.872e+04	5.075e+00	1.595e-01
4.894e+04	5.075e+00	1.805e-01
4.917e+04	5.075e+00	1.827e-01
4.940e+04	5.076e+00	1.524e-01
4.962e+04	5.076e+00	1.635e-01
4.985e+04	5.076e+00	1.618e-01
5.008e+04	5.076e+00	1.604e-01
5.032e+04	5.076e+00	1.751e-01
5.055e+04	5.077e+00	1.579e-01
5.078e+04	5.077e+00	1.635e-01
5.102e+04	5.077e+00	1.570e-01
5.125e+04	5.077e+00	1.661e-01
5.149e+04	5.077e+00	1.483e-01
5.173e+04	5.077e+00	1.597e-01
5.197e+04	5.078e+00	1.648e-01
5.221e+04	5.078e+00	1.664e-01
5.245e+04	5.078e+00	1.713e-01
5.269e+04	5.078e+00	1.528e-01
5.293e+04	5.078e+00	1.487e-01
5.318e+04	5.078e+00	1.555e-01
5.342e+04	5.079e+00	1.411e-01
5.367e+04	5.079e+00	1.404e-01
5.392e+04	5.079e+00	1.558e-01
5.417e+04	5.079e+00	1.390e-01
5.442e+04	5.079e+00	1.412e-01
5.467e+04	5.079e+00	1.205e-01
5.492e+04	5.080e+00	1.781e-01
5.517e+04	5.080e+00	1.590e-01
5.543e+04	5.080e+00	1.525e-01
5.569e+04	5.080e+00	1.372e-01
5.594e+04	5.080e+00	1.501e-01
5.620e+04	5.080e+00	1.506e-01
5.646e+04	5.081e+00	1.455e-01
5.672e+04	5.081e+00	1.328e-01
5.698e+04	5.081e+00	1.519e-01
5.725e+04	5.081e+00	1.627e-01
5.751e+04	5.081e+00	1.269e-01
5.778e+04	5.081e+00	1.282e-01
5.804e+04	5.081e+00	1.391e-01
5.831e+04	5.082e+00	1.520e-01
5.858e+04	5.082e+00	1.371e-01
5.885e+04	5.082e+00	1.373e-01
5.913e+04	5.082e+00	1.383e-01
5.940e+04	5.082e+00	1.313e-01
5.967e+04	5.082e+00	1.364e-01
5.995e+04	5.083e+00	1.308e-01
6.023e+04	5.083e+00	1.356e-01
6.050e+04	5.083e+00	1.092e-01
6.078e+04	5.083e+00	1.323e-01
6.106e+04	5.083e+00	1.307e-01
6.135e+04	5.083e+00	1.338e-01
6.163e+04	5.083e+00	1.291e-01
6.191e+04	5.083e+00	1.199e-01
6.220e+04	5.084e+00	1.231e-01
6.249e+04	5.084e+00	1.381e-01
6.278e+04	5.084e+00	1.236e-01
6.307e+04	5.084e+00	1.186e-01
6.336e+04	5.084e+00	1.286e-01
6.365e+04	5.084e+00	1.139e-01
6.394e+04	5.084e+00	1.213e-01
6.424e+04	5.085e+00	1.219e-01
6.454e+04	5.085e+00	1.250e-01
6.484e+04	5.085e+00	1.304e-01
6.513e+04	5.085e+00	1.228e-01
6.544e+04	5.085e+00	1.203e-01
6.574e+04	5.085e+00	1.265e-01
6.604e+04	5.085e+00	1.135e-01
6.635e+04	5.085e+00	1.210e-01
6.665e+04	5.086e+00	1.126e-01
6.696e+04	5.086e+00	1.266e-01
6.727e+04	5.086e+00	1.282e-01
6.758e+04	5.086e+00	1.061e-01
6.789e+04	5.086e+00	1.224e-01
6.821e+04	5.086e+00	1.164e-01
6.852e+04	5.086e+00	1.182e-01
6.884e+04	5.086e+00	1.166e-01
6.916e+04	5.087e+00	7.985e-02
6.948e+04	5.087e+00	1.196e-01
6.980e+04	5.087e+00	1.036e-01
7.012e+04	5.087e+00	1.129e-01
7.044e+04	5.087e+00	9.580e-02
7.077e+04	5.087e+00	9.832e-02
7.110e+04	5.087e+00	1.184e-01
7.143e+04	5.087e+00	7.827e-02
7.176e+04	5.087e+00	1.056e-01
7.209e+04	5.088e+00	1.252e-01
7.242e+04	5.088e+00	1.122e-01
7.275e+04	5.088e+00	9.007e-02
7.309e+04	5.088e+00	1.050e-01
7.343e+04	5.088e+00	9.620e-02
7.377e+04	5.088e+00	1.115e-01
7.411e+04	5.088e+00	1.180e-01
7.445e+04	5.088e+00	9.308e-02
7.480e+04	5.088e+00	8.875e-02
7.514e+04	5.089e+00	9.698e-02
7.549e+04	5.089e+00	9.989e-02
7.584e+04	5.089e+00	1.126e-01
7.619e+04	5.089e+00	1.220e-01
7.654e+04	5.089e+00	1.040e-01
7.689e+04	5.089e+00	1.065e-01
7.725e+04	5.089e+00	1.074e-01
7.761e+04	5.089e+00	1.003e-01
7.796e+04	5.089e+00	1.033e-01
7.832e+04	5.090e+00	1.069e-01
7.869e+04	5.090e+00	9.186e-02
7.905e+04	5.090e+00	9.904e-02
7.941e+04	5.090e+00	8.926e-02
7.978e+04	5.090e+00	8.754e-02
8.015e+04	5.090e+00	9.273e-02
8.052e+04	5.090e+00	9.603e-02
8.089e+04	5.090e+00	9.220e-02
8.127e+04	5.090e+00	9.589e-02
8.164e+04	5.090e+00	7.263e-02
8.202e+04	5.091e+00	1.059e-01
8.240e+04	5.091e+00	9.028e-02
8.278e+04	5.091e+00	8.356e-02
8.316e+04	5.091e+00	8.391e-02
8.355e+04	5.091e+00	7.652e-02
8.393e+04	5.091e+00	9.418e-02
8.432e+04	5.091e+00	8.353e-02
8.471e+04	5.091e+00	9.743e-02
8.510e+04	5.091e+00	1.064e-01
8.549e+04	5.091e+00	9.485e-02
8.589e+04	5.091e+00	8.848e-02
8.629e+04	5.092e+00	7.456e-02
8.668e+04	5.092e+00	8.634e-02
8.708e+04	5.092e+00	8.451e-02
8.749e+04	5.092e+00	1.059e-01
8.789e+04	5.092e+00	8.677e-02
8.830e+04	5.092e+00	7.838e-02
8.870e+04	5.092e+00	9.124e-02
8.911e+04	5.092e+00	9.065e-02
8.953e+04	5.092e+00	6.847e-02
8.994e+04	5.092e+00	7.790e-02
9.036e+04	5.092e+00	8.767e-02
9.077e+04	5.092e+00	8.596e-02
9.119e+04	5.093e+00	9.022e-02
9.161e+04	5.093e+00	1.001e-01
9.204e+04	5.093e+00	8.406e-02
9.246e+04	5.093e+00	7.646e-02
9.289e+04	5.093e+00	8.629e-02
9.332e+04	5.093e+00	8.723e-02
9.375e+04	5.093e+00	9.173e-02
9.418e+04	5.093e+00	9.306e-02
9.462e+04	5.093e+00	1.072e-01
9.506e+04	5.093e+00	8.765e-02
9.549e+04	5.093e+00	8.983e-02
9.594e+04	5.093e+00	7.914e-02
9.638e+04	5.094e+00	7.225e-02
9.682e+04	5.094e+00	7.992e-02
9.727e+04	5.094e+00	6.732e-02
9.772e+04	5.094e+00	6.473e-02
9.817e+04	5.094e+00	7.606e-02
9.863e+04	5.094e+00	9.226e-02
9.908e+04	5.094e+00	1.022e-01
9.954e+04	5.094e+00	7.400e-02
1.000e+05	5.094e+00	6.698e-02
